page-fault rate: 0.24
TLB hit rate: 0.30
Memory image:
Frame 0 ~ Frame 15: 66 244 117 209 156 112 95 189 253 71 47 88 226 109 214 152
Frame 16 ~ Frame 31: 128 250 9 251 215 72 56 238 29 252 26 126 236 24 178 3
Frame 32 ~ Frame 47: 159 192 160 83 23 127 69 14 231 234 165 174 87 11 61 123
Frame 48 ~ Frame 63: 42 170 130 175 221 19 196 75 142 40 230 20 228 107 201 119
Frame 64 ~ Frame 79: 113 79 247 2 168 188 135 144 197 70 15 212 167 183 33 149
Frame 80 ~ Frame 95: 91 166 62 146 21 249 246 241 76 36 240 122 237 243 85 103
Frame 96 ~ Frame 111: 58 161 219 203 187 232 198 27 136 105 202 41 18 111 248 245
Frame 112 ~ Frame 127: 106 25 147 169 184 205 50 255 223 49 54 194 60 185 59 200
Frame 128 ~ Frame 143: 190 7 57 94 31 227 207 218 110 8 208 143 90 52 77 101
Frame 144 ~ Frame 159: 114 148 222 82 224 155 96 163 81 158 93 137 43 12 78 4
Frame 160 ~ Frame 175: 68 116 45 162 132 239 104 199 28 154 6 139 108 51 38 173
Frame 176 ~ Frame 191: 48 193 64 177 164 34 204 151 32 233 206 65 35 254 213 176
Frame 192 ~ Frame 207: 102 115 125 180 181 191 16 179 220 5 211 22 84 97 89 53
Frame 208 ~ Frame 223: 172 129 10 210 44 141 92 229 182 153 63 138 186 86 80 1
Frame 224 ~ Frame 239: 171 235 30 216 0 17 118 195 37 46 217 39 99 131 133 225
Frame 240 ~ Frame 255: 67 73 121 242 -1 -1 -1 -1 -1 -1 -1 -1 -1 -1 -1 -1
